<?xml version="1.0"?>
<opencv_storage>
<calibration_Time>"Fri 04 Oct 2013 04:12:37 PM EDT"</calibration_Time>
<nrOfFrames>25</nrOfFrames>
<image_Width>640</image_Width>
<image_Height>480</image_Height>
<board_Width>9</board_Width>
<board_Height>6</board_Height>
<square_Size>50.</square_Size>
<FixAspectRatio>1.</FixAspectRatio>
<!-- flags:  +fix_aspectRatio +fix_principal_point +zero_tangent_dist -->
<flagValue>14</flagValue>
<Camera_Matrix type_id="opencv-matrix">
  <rows>3</rows>
  <cols>3</cols>
  <dt>d</dt>
  <data>
    6.2557353784116617e+02 0. 3.1950000000000000e+02 0.
    6.2557353784116617e+02 2.3950000000000000e+02 0. 0. 1.</data></Camera_Matrix>
<Distortion_Coefficients type_id="opencv-matrix">
  <rows>5</rows>
  <cols>1</cols>
  <dt>d</dt>
  <data>
    -1.1639896007559344e-01 1.2025227723672667e+00 0. 0.
    -7.3694025697303278e+00</data></Distortion_Coefficients>
<Avg_Reprojection_Error>3.1484955189668168e-01</Avg_Reprojection_Error>
<Per_View_Reprojection_Errors type_id="opencv-matrix">
  <rows>25</rows>
  <cols>1</cols>
  <dt>f</dt>
  <data>
    4.19719189e-01 4.24768478e-01 2.96763897e-01 2.70300955e-01
    3.11111301e-01 3.02278310e-01 3.25294793e-01 2.87444919e-01
    2.91030109e-01 3.24393868e-01 3.79275918e-01 4.15191591e-01
    4.03259248e-01 2.81674653e-01 2.88325399e-01 2.84521312e-01
    2.77133375e-01 2.41576314e-01 2.41273463e-01 2.79679090e-01
    2.68540978e-01 2.47569114e-01 2.89425492e-01 2.83208847e-01
    3.20542246e-01</data></Per_View_Reprojection_Errors>
<!-- a set of 6-tuples (rotation vector + translation vector) for each view -->
<Extrinsic_Parameters type_id="opencv-matrix">
  <rows>25</rows>
  <cols>6</cols>
  <dt>d</dt>
  <data>
    -2.6545240733007730e-01 -8.9669161312875036e-03
    2.2891200783916914e-02 -1.8082043047896715e+02
    -9.9944031263584833e+01 8.8664543989740309e+02
    -5.2812481743146500e-01 -1.2854009969786417e-01
    1.6125920422949153e-02 -1.8776692979192035e+02
    -9.2947304222261437e+01 9.8521702395225054e+02
    -2.6933401373082316e-01 3.6380978784446828e-02
    -1.3413581676371519e-02 -2.2138350959957742e+02
    -5.9696494494645670e+01 9.7495573458083311e+02
    -5.3349714921247493e-01 4.8588227733538429e-02
    -1.7892622325025642e-02 -2.0995381281583050e+02
    -4.0660090238544413e+01 1.0897204940099220e+03
    -6.2137250940323518e-01 5.3066510690808630e-02
    -3.3504331394436440e-02 -2.0933821390572930e+02
    -3.1870309910831367e+01 1.1290290813484503e+03
    -5.5137674745820897e-01 7.2115468925107243e-02
    -4.8025791796286466e-02 -2.1003864811505417e+02
    -3.6521498593094158e+01 1.1130148221518762e+03
    -3.9866158466337726e-01 2.8997412592844740e-01
    -8.4966051903430484e-02 -1.8881256705908172e+02
    -3.9809971609051466e+01 1.1212796980238238e+03
    -3.3116891901920859e-01 4.7054334898929445e-01
    -8.8417382508455239e-02 -1.6971834521266413e+02
    -3.5704190482236562e+01 1.1290721699094777e+03
    -3.1406770288202590e-01 5.0439936105905370e-01
    -8.1381701162169987e-02 -1.6570046750781870e+02
    -3.5364629860123053e+01 1.1300439845234575e+03
    -2.5753561282618370e-01 6.0031153467483134e-01
    -8.9882657729647306e-02 -1.5805077412322242e+02
    -3.9337241366506412e+01 1.1309592472630916e+03
    -2.3099072016867281e-01 6.9054455333844844e-01
    -9.1399442055711488e-02 -1.4922941703553607e+02
    -3.9745187567839054e+01 1.1413482737554730e+03
    -2.1173869832706199e-01 7.1990567586588994e-01
    -9.1943904737119872e-02 -1.4625073540088002e+02
    -4.0969452117233303e+01 1.1382523444938447e+03
    -1.9572044075488904e-01 7.3606763878408665e-01
    -8.6247394755426296e-02 -1.3812042749882210e+02
    -4.2949616273055149e+01 1.1350671735910994e+03
    -1.8175003181488483e-01 3.2137952404570863e-01
    -3.4493579851940459e-02 -1.2291349142754576e+02
    -7.9492688152019554e+01 1.0544105575409280e+03
    -7.5783214075434285e-02 -1.6137938015942013e-01
    -1.0381991366278637e-01 -2.1364588203676993e+02
    -7.3441688957747971e+01 1.0214910072711510e+03
    -6.9606914567267211e-02 -6.0374256017019852e-02
    -9.5542068575398820e-02 -2.1434969186641726e+02
    -7.2323247923722548e+01 1.0449399355223154e+03
    -6.7826513715864789e-02 2.3447654031963805e-02
    -9.3464706342683904e-02 -2.0728211195155396e+02
    -6.8322023901590711e+01 1.0608260294076395e+03
    -5.8370223314854690e-02 8.2530963596880808e-02
    -8.8077599453895539e-02 -2.0243797637609271e+02
    -6.6529916411398702e+01 1.0653885775810747e+03
    -1.4158536322216006e-01 6.8472191958884529e-02
    -7.5719237065111078e-02 -2.0619475461939973e+02
    -6.9433473827794401e+01 1.0928488181075140e+03
    -1.8337518760004329e-01 6.5666426259156904e-02
    -7.1082834806150311e-02 -2.0588383227389315e+02
    -7.0518193387568246e+01 1.1080168638086907e+03
    -2.3622781526098310e-01 5.3363663975966744e-02
    -6.6358794734166490e-02 -2.0366799820740675e+02
    -6.7213992124578226e+01 1.1214615878880868e+03
    -2.7970241047599054e-01 3.6418544562476930e-02
    -6.3306333022702721e-02 -2.0409072312738417e+02
    -6.8917496005908788e+01 1.1341185180439516e+03
    -4.5570677937492948e-01 1.3845639799652802e-02
    -4.5694423747780599e-02 -2.0263682272408496e+02
    -6.1244253650470377e+01 1.1810425140021980e+03
    -5.5974430691246679e-01 -4.7628455401952244e-03
    -3.2566053924990811e-02 -1.9704423911244882e+02
    -5.2065965571987547e+01 1.2016736907741181e+03
    -5.9501160005801601e-01 -2.0235073030172374e-02
    -2.7780730406143782e-02 -1.9241813564217912e+02
    -4.4403388205332142e+01 1.2072198632419195e+03</data></Extrinsic_Parameters>
